0	1157376	3772	视频
0	27146	249	策略游戏
0	1163919	156	视频
0	29071	51	赚钱
0	1134631	48	社交
0	1150973	46	社交
0	1153807	38	社交
0	1160523	29	社交
0	27145	22	策略游戏
0	1116468	20	视频
1	1157376	2291	视频
1	27146	132	策略游戏
1	1163919	89	视频
1	1153807	21	社交
1	1150973	19	社交
1	1134631	18	社交
1	29071	16	赚钱
1	1116468	12	视频
1	1156675	11	视频
1	1160523	11	社交
2	1157376	1347	视频
2	27146	78	策略游戏
2	1163919	59	视频
2	1134631	14	社交
2	29071	11	赚钱
2	1153807	10	社交
2	1116077	9	手机应用
2	1152063	9	视频
2	1150973	8	社交
2	48124	7	牌类游戏
3	1157376	971	视频
3	1163919	44	视频
3	27146	38	策略游戏
3	1134631	10	社交
3	1150973	7	社交
3	1116468	6	视频
3	1115991	5	手机应用
3	1051723	5	视频
3	48124	5	牌类游戏
3	43562	4	益智游戏
4	1157376	811	视频
4	1163919	51	视频
4	27146	34	策略游戏
4	29071	9	赚钱
4	1116468	9	视频
4	1150973	7	社交
4	1134631	6	社交
4	1113164	5	休闲游戏
4	1116077	5	手机应用
4	1058289	5	手机应用
5	1157376	1118	视频
5	1163919	67	视频
5	27146	41	策略游戏
5	29071	26	赚钱
5	1134631	18	社交
5	1153807	17	社交
5	1150973	15	社交
5	1116468	10	视频
5	1116077	8	手机应用
5	1160523	7	社交
6	1157376	1843	视频
6	1163919	136	视频
6	27146	86	策略游戏
6	29071	57	赚钱
6	1134631	48	社交
6	1153807	48	社交
6	1150973	43	社交
6	1116077	25	手机应用
6	28320	16	棋类游戏
6	48124	15	牌类游戏
7	1157376	2269	视频
7	27146	175	策略游戏
7	1163919	157	视频
7	29071	54	赚钱
7	1134631	45	社交
7	1150973	42	社交
7	1153807	38	社交
7	1116077	26	手机应用
7	1116468	26	视频
7	28320	22	棋类游戏
8	1157376	2171	视频
8	27146	233	策略游戏
8	1163919	171	视频
8	29071	43	赚钱
8	1134631	38	社交
8	1150973	31	社交
8	1116468	29	视频
8	1160523	28	社交
8	28320	27	棋类游戏
8	1113164	26	休闲游戏
9	1157376	2140	视频
9	27146	262	策略游戏
9	1163919	169	视频
9	1150973	47	社交
9	29071	46	赚钱
9	1134631	41	社交
9	1113164	30	休闲游戏
9	1160523	27	社交
9	28320	27	棋类游戏
9	1153807	26	社交
10	1157376	2290	视频
10	27146	260	策略游戏
10	1163919	186	视频
10	29071	46	赚钱
10	1134631	36	社交
10	1150973	36	社交
10	1116468	34	视频
10	1160523	30	社交
10	1113164	30	休闲游戏
10	1153807	29	社交
11	1157376	2254	视频
11	27146	270	策略游戏
11	1163919	215	视频
11	1134631	46	社交
11	1150973	38	社交
11	29071	37	赚钱
11	1160523	34	社交
11	1116468	29	视频
11	1156675	29	视频
11	28320	27	棋类游戏
12	1157376	3005	视频
12	27146	352	策略游戏
12	1163919	252	视频
12	1134631	63	社交
12	1150973	54	社交
12	29071	44	赚钱
12	1156675	40	视频
12	1116077	40	手机应用
12	1160523	39	社交
12	1153807	36	社交
13	1157376	3205	视频
13	27146	311	策略游戏
13	1163919	240	视频
13	1134631	51	社交
13	1150973	44	社交
13	1156675	41	视频
13	1116077	41	手机应用
13	29071	39	赚钱
13	1160523	33	社交
13	47683	33	游戏应用
14	1157376	2675	视频
14	27146	260	策略游戏
14	1163919	210	视频
14	29071	38	赚钱
14	1150973	36	社交
14	1134631	35	社交
14	1160523	34	社交
14	1116077	30	手机应用
14	1153807	29	社交
14	1113164	28	休闲游戏
15	1157376	2604	视频
15	27146	263	策略游戏
15	1163919	204	视频
15	1150973	34	社交
15	1116468	32	视频
15	1156675	27	视频
15	1134631	27	社交
15	1160523	26	社交
15	29071	25	赚钱
15	1113164	25	休闲游戏
16	1157376	2585	视频
16	27146	286	策略游戏
16	1163919	209	视频
16	1150973	44	社交
16	1116077	34	手机应用
16	1116468	33	视频
16	1137237	28	休闲游戏
16	1160523	24	社交
16	1153807	23	社交
16	1156675	23	视频
17	1157376	2591	视频
17	27146	301	策略游戏
17	1163919	189	视频
17	1150973	56	社交
17	1116077	43	手机应用
17	1156675	43	视频
17	1134631	36	社交
17	1116468	31	视频
17	1113164	30	休闲游戏
17	1160523	29	社交
18	1157376	2689	视频
18	27146	294	策略游戏
18	1163919	208	视频
18	1150973	56	社交
18	1134631	56	社交
18	1116077	52	手机应用
18	1156675	41	视频
18	1153807	37	社交
18	47683	37	游戏应用
18	1160523	34	社交
19	1157376	2764	视频
19	27146	315	策略游戏
19	1163919	214	视频
19	1147349	76	视频
19	1150973	56	社交
19	1134631	50	社交
19	1156675	50	视频
19	1116077	48	手机应用
19	1113164	38	休闲游戏
19	1116468	37	视频
20	1157376	3140	视频
20	27146	309	策略游戏
20	1163919	244	视频
20	1147349	79	视频
20	1150973	72	社交
20	1134631	55	社交
20	1156675	46	视频
20	29071	43	赚钱
20	1116468	43	视频
20	1153807	42	社交
21	1157376	3711	视频
21	27146	331	策略游戏
21	1163919	287	视频
21	1134631	79	社交
21	1150973	75	社交
21	1156675	53	视频
21	1147349	47	视频
21	1116468	46	视频
21	1160523	42	社交
21	1116077	42	手机应用
22	1157376	4451	视频
22	27146	361	策略游戏
22	1163919	266	视频
22	1134631	111	社交
22	1150973	75	社交
22	1156675	56	视频
22	1116077	55	手机应用
22	1153807	54	社交
22	1042367	44	其他
22	47683	42	游戏应用
23	1157376	4468	视频
23	27146	356	策略游戏
23	1163919	235	视频
23	1134631	75	社交
23	1150973	59	社交
23	1153807	49	社交
23	1156675	46	视频
23	47683	43	游戏应用
23	1160523	37	社交
23	1116468	35	视频
